execution;accuracy;precision;recall
0;0.33916666666666667;0.22741776147620782;0.14781021682791104
1;0.3415;0.25089370167097325;0.14697950899542317
2;0.33166666666666667;0.33055531891307144;0.14588144868462077
3;0.3253333333333333;0.2638979673552843;0.13734147205354263
4;0.32316666666666666;0.2582746118649269;0.14003523781926827
5;0.3481666666666667;0.21243338572556375;0.1480889536370477
6;0.33566666666666667;0.21396828442596577;0.14625336679984832
7;0.33416666666666667;0.27107655712670065;0.14376073029033085
8;0.3248333333333333;0.25047533178949377;0.1412298592686566
9;0.3395;0.3148897887539146;0.14749439985514268
10;0.3333333333333333;0.2643872459091029;0.1442982644183652
11;0.338;0.34407195314903916;0.14483069288463657
12;0.33516666666666667;0.27115684197130857;0.1446967968405118
13;0.3395;0.23203029880069573;0.14534401205117015
14;0.3283333333333333;0.29534273009672896;0.14418199970778883
15;0.3335;0.3423660462374038;0.14411345704148854
16;0.3325;0.24456077463430886;0.1476618924228651
17;0.3425;0.3073087020862488;0.14964972787613384
18;0.3418333333333333;0.22651186846940988;0.14712971660878527
19;0.3263333333333333;0.25125420106468094;0.14172151649748643
20;0.3265;0.30404309577475874;0.14282110399350773
21;0.3401666666666667;0.38198063439078567;0.1466711086441038
22;0.34933333333333333;0.2218272620423778;0.14981515799325068
23;0.3265;0.3071349078735079;0.1414414510961715
24;0.335;0.28163626611767606;0.14774355507884088
25;0.335;0.2739723154853219;0.1472314619912732
26;0.3358333333333333;0.21044001769333412;0.14504610384693467
27;0.346;0.24589262700987213;0.15022452644949347
28;0.3406666666666667;0.23086195736763132;0.14751074778392012
29;0.3343333333333333;0.20427760881234064;0.14241810158018336
